$ANSIBLE_VAULT;1.1;AES256
64356166633363346464643938333763396461383032666261363263373537343936313363316430
3462316636346161643737623465373835386462316564650a663831316261303333616166646631
31356230376465373062323032323736363736333861646637646138333438623833346135323966
3961613437646630350a623636633738663065396465393733653231353962643661613036646234
30353934636663356334646261326439663262623630613035336632663062366131316265323531
34383436646562346661386165316438376564383664626566373837356630356432396539663433
35323864333135383139306337623132346330666466616233383564306538653561633536653739
62653034376635643162393934623061623265633033633033636439653833363134623530386235
38323136636637373463373063313630646163346666646364323132383733643133653262336537
61306265643037333731616535613864633331623864346265623565633535656532626630366166
61383532363333356539623034633633313534613532396265336132366539663237333036626333
33303061373531353437623164383663383566303032383864346335643263376236303761346332
38626435623634653639663938613732333936346461333330613030356637616362363535343834
31656161366165356539343565383963303932366261316166323932326239363465393331303938
34666561313338323961363733396133663566356233393262323338313039623965666564343263
34303634313734323965653162663664663064626166363134633433373637623163626333623563
65616162623439393133306134396365396638633734633461663336336664616639
